
NUMPOLLIES 50

// Floor 1
0
-3.0  0.0 -3.0 0.0 6.0
-3.0  0.0  3.0 0.0 0.0
 3.0  0.0  3.0 6.0 0.0

0
-3.0  0.0 -3.0 0.0 6.0
 3.0  0.0 -3.0 6.0 6.0
 3.0  0.0  3.0 6.0 0.0

// Ceiling 1
4
-3.0  1.0 -3.0 0.0 6.0
-3.0  1.0  3.0 0.0 0.0
 3.0  1.0  3.0 6.0 0.0
4
-3.0  1.0 -3.0 0.0 6.0
 3.0  1.0 -3.0 6.0 6.0
 3.0  1.0  3.0 6.0 0.0

// A1
2
-2.0  1.0  -2.0 0.0 1.0
-2.0  0.0  -2.0 0.0 0.0
-0.5  0.0  -2.0 1.5 0.0
2
-2.0  1.0  -2.0 0.0 1.0
-0.5  1.0  -2.0 1.5 1.0
-0.5  0.0  -2.0 1.5 0.0

// A2
2
 2.0  1.0  -2.0 2.0 1.0
 2.0  0.0  -2.0 2.0 0.0
 0.5  0.0  -2.0 0.5 0.0
2
 2.0  1.0  -2.0 2.0 1.0
 0.5  1.0  -2.0 0.5 1.0
 0.5  0.0  -2.0 0.5 0.0

// B1
2
-2.0  1.0  2.0 2.0  1.0
-2.0  0.0  2.0 2.0 0.0
-0.5  0.0  2.0 0.5 0.0
2
-2.0  1.0  2.0 2.0  1.0
-0.5  1.0  2.0 0.5  1.0
-0.5  0.0  2.0 0.5 0.0

// B2
2
 2.0  1.0  2.0 2.0  1.0
 2.0  0.0  2.0 2.0 0.0
 0.5  0.0  2.0 0.5 0.0
2
 2.0  1.0  2.0 2.0  1.0
 0.5  1.0  2.0 0.5  1.0
 0.5  0.0  2.0 0.5 0.0

// C1
2
-2.0  1.0  -2.0 0.0  1.0
-2.0  0.0  -2.0 0.0 0.0
-2.0  0.0  -0.5 1.5 0.0
2
-2.0  1.0  -2.0 0.0  1.0
-2.0  1.0  -0.5 1.5  1.0
-2.0  0.0  -0.5 1.5 0.0

// C2
2
-2.0  1.0  2.0 2.0 1.0
-2.0  0.0  2.0 2.0 0.0
-2.0  0.0  0.5 0.5 0.0
2
-2.0  1.0  2.0 2.0 1.0
-2.0  1.0  0.5 0.5 1.0
-2.0  0.0  0.5 0.5 0.0

// D1
2
2.0  1.0  -2.0 0.0 1.0
2.0  0.0  -2.0 0.0 0.0
2.0  0.0  -0.5 1.5 0.0
2
2.0  1.0  -2.0 0.0 1.0
2.0  1.0  -0.5 1.5 1.0
2.0  0.0  -0.5 1.5 0.0

// D2
2
2.0  1.0  2.0 2.0 1.0
2.0  0.0  2.0 2.0 0.0
2.0  0.0  0.5 0.5 0.0
2
2.0  1.0  2.0 2.0 1.0
2.0  1.0  0.5 0.5 1.0
2.0  0.0  0.5 0.5 0.0

// Upper hallway - L
1
-0.5  1.0  -3.0 0.0 1.0
-0.5  0.0  -3.0 0.0 0.0
-0.5  0.0  -2.0 1.0 0.0
1
-0.5  1.0  -3.0 0.0 1.0
-0.5  1.0  -2.0 1.0 1.0
-0.5  0.0  -2.0 1.0 0.0

// Upper hallway - R
1
0.5  1.0  -3.0 0.0 1.0
0.5  0.0  -3.0 0.0 0.0
0.5  0.0  -2.0 1.0 0.0
1
0.5  1.0  -3.0 0.0 1.0
0.5  1.0  -2.0 1.0 1.0
0.5  0.0  -2.0 1.0 0.0

// Lower hallway - L
1
-0.5  1.0  3.0 0.0 1.0
-0.5  0.0  3.0 0.0 0.0
-0.5  0.0  2.0 1.0 0.0
1
-0.5  1.0  3.0 0.0 1.0
-0.5  1.0  2.0 1.0 1.0
-0.5  0.0  2.0 1.0 0.0

// Lower hallway - R
1
0.5  1.0  3.0 0.0 1.0
0.5  0.0  3.0 0.0 0.0
0.5  0.0  2.0 1.0 0.0
1
0.5  1.0  3.0 0.0 1.0
0.5  1.0  2.0 1.0 1.0
0.5  0.0  2.0 1.0 0.0


// Left hallway - Lw
1
-3.0  1.0  0.5 1.0 1.0
-3.0  0.0  0.5 1.0 0.0
-2.0  0.0  0.5 0.0 0.0
1
-3.0  1.0  0.5 1.0 1.0
-2.0  1.0  0.5 0.0 1.0
-2.0  0.0  0.5 0.0 0.0

// Left hallway - Hi
1
-3.0  1.0  -0.5 1.0 1.0
-3.0  0.0  -0.5 1.0 0.0
-2.0  0.0  -0.5 0.0 0.0
1
-3.0  1.0  -0.5 1.0 1.0
-2.0  1.0  -0.5 0.0 1.0
-2.0  0.0  -0.5 0.0 0.0

// Right hallway - Lw
1
3.0  1.0  0.5 1.0 1.0
3.0  0.0  0.5 1.0 0.0
2.0  0.0  0.5 0.0 0.0
1
3.0  1.0  0.5 1.0 1.0
2.0  1.0  0.5 0.0 1.0
2.0  0.0  0.5 0.0 0.0

// Right hallway - Hi
1
3.0  1.0  -0.5 1.0 1.0
3.0  0.0  -0.5 1.0 0.0
2.0  0.0  -0.5 0.0 0.0
1
3.0  1.0  -0.5 1.0 1.0
2.0  1.0  -0.5 0.0 1.0
2.0  0.0  -0.5 0.0 0.0

// Ceiling Light
1
0.1   1.0   0.1 1.0 1.0
0.0   0.8   0.0 1.0 0.0
0.1   1.0  -0.1 0.0 0.0

1
-0.1   1.0   0.1 1.0 1.0
 0.0   0.8   0.0 1.0 0.0
-0.1   1.0  -0.1 0.0 0.0

1
 0.1   1.0  -0.1 1.0 1.0
 0.0   0.8   0.0 1.0 0.0
-0.1   1.0  -0.1 0.0 0.0

1
 0.1   1.0   0.1 1.0 1.0
 0.0   0.8   0.0 1.0 0.0
-0.1   1.0   0.1 0.0 0.0

// Box 1
3
1.0  0.5  1.0 0.0 1.0
1.0  0.5  0.5 0.0 0.0
0.5  0.5  0.5 1.0 0.0

3
1.0  0.5  1.0 0.0 1.0
0.5  0.5  1.0 1.0 1.0
0.5  0.5  0.5 1.0 0.0

3
0.5  0.5  0.5 0.0 1.0
0.5  0.0  0.5 0.0 0.0
0.5  0.5  1.0 1.0 1.0

3
0.5  0.0  1.0 1.0 0.0
0.5  0.0  0.5 0.0 0.0
0.5  0.5  1.0 1.0 1.0

3
0.5  0.5  0.5 0.0 1.0
0.5  0.0  0.5 0.0 0.0
1.0  0.5  0.5 1.0 1.0

3
1.0  0.0  0.5 1.0 0.0
0.5  0.0  0.5 0.0 0.0
1.0  0.5  0.5 1.0 1.0

3
1.0  0.5  0.5 0.0 1.0
1.0  0.0  0.5 0.0 0.0
1.0  0.5  1.0 1.0 1.0

3
1.0  0.0  1.0 1.0 0.0
1.0  0.0  0.5 0.0 0.0
1.0  0.5  1.0 1.0 1.0

3
0.5  0.5  1.0 0.0 1.0
0.5  0.0  1.0 0.0 0.0
1.0  0.5  1.0 1.0 1.0

3
1.0  0.0  1.0 1.0 0.0
0.5  0.0  1.0 0.0 0.0
1.0  0.5  1.0 1.0 1.0
